TIME MEM VIRT RES SHR CPU FREE SWAP
0:00.57 1.2 229528 10172 2936 46.7 302.9 364.9
0:01.45 2.4 239896 20540 2936 50.0 283.0 364.9
0:02.28 3.7 250008 30652 2936 43.8 263.3 364.9
0:03.11 4.8 259992 40636 2936 53.3 243.8 364.9
0:03.95 6.1 270104 50748 2936 50.0 224.2 364.9
0:04.79 7.2 279832 60476 2936 50.0 204.8 364.9
0:05.62 8.2 287896 68540 2936 43.8 189.1 365.1
0:06.44 9.0 294424 75068 2936 46.7 176.2 365.1
0:07.28 9.7 301080 81724 2936 50.0 163.2 365.1
0:08.12 10.4 306968 87612 2936 50.0 152.1 365.1
0:08.95 11.2 312984 93500 2936 43.8 139.7 365.1
0:09.78 11.9 319384 100028 2936 43.8 127.3 365.1
0:10.62 12.7 326040 106684 2936 46.7 114.5 365.1
0:11.45 13.4 331672 112316 2936 46.7 103.5 365.1
0:12.27 14.2 338584 119228 2936 46.7 89.8 365.1
0:13.10 15.1 345752 126268 2936 46.7 75.9 365.1
0:13.93 15.9 352792 133436 2936 46.7 62.3 365.1
0:14.76 16.7 359704 140348 2936 50.0 65.9 363.3
0:15.67 17.7 367384 148028 2936 46.7 62.3 358.0
0:16.54 18.5 374936 155336 2936 41.2 58.3 348.6
0:17.40 19.4 382488 162372 2936 43.8 55.5 338.6
0:18.26 20.2 389400 169016 2936 50.0 68.9 315.9
0:19.12 21.0 396440 175816 2936 43.8 53.0 314.1
0:19.95 21.7 403096 181812 2924 46.7 64.9 289.3
0:20.79 22.4 410136 187996 2888 43.8 61.9 279.4
0:21.61 23.1 417432 194000 2776 37.5 64.7 262.6
0:22.44 24.0 424728 201424 2776 46.7 61.2 252.8
0:23.25 24.7 431768 207132 2772 46.7 66.2 233.6
0:24.11 25.6 439192 214684 2772 43.8 51.9 214.2
0:24.95 26.3 446744 220924 2748 43.8 55.7 214.2
0:25.82 27.2 454552 228072 2712 43.8 53.4 194.2
0:26.66 27.9 461976 233772 2712 37.5 60.4 176.7
0:27.55 28.7 469784 240672 2688 50.0 60.6 165.9
0:28.45 29.5 477720 247104 2612 43.8 56.2 150.8
0:29.33 30.4 485528 254840 2540 52.9 54.3 126.5
0:30.15 30.9 492824 259356 2528 46.7 53.5 124.0
0:31.06 31.9 500888 267380 2488 44.4 64.1 104.6
0:31.93 32.4 508568 271472 2480 50.0 56.5 93.9
0:32.78 33.0 515992 276888 2460 50.0 64.4 73.4
0:33.61 33.2 523416 278644 2460 37.5 58.4 61.9
0:34.55 34.0 531608 284976 2460 53.3 54.4 50.8
0:35.45 34.7 539672 290720 2456 47.1 52.2 27.1
0:36.27 34.8 546968 291872 2456 37.5 62.3 15.0
0:37.12 35.3 554392 295972 2456 43.8 55.3 3.3
0:39.56 36.7 574232 307904 1544 46.4 52.8 624.5
0:40.64 37.4 583448 313340 1512 41.2 66.6 614.8
0:41.48 37.6 590616 315492 1512 53.3 70.6 594.8
0:42.30 37.3 597912 312784 1512 43.8 54.6 594.8
0:43.13 37.7 605080 315876 1512 46.7 61.2 577.8
0:44.02 37.2 612888 311868 1512 46.7 62.9 563.5
0:44.85 37.3 620312 312456 1512 43.8 60.8 550.1
0:45.74 37.3 627864 313080 1512 50.0 58.8 536.3
0:46.56 37.2 634904 311788 1512 43.8 57.5 520.1
0:47.37 37.4 642200 313856 1512 53.3 70.4 494.6
0:48.21 37.4 649880 313508 1512 46.7 52.0 484.3
0:49.07 37.1 657432 310704 1512 40.0 61.3 471.3
0:49.90 37.1 665112 310800 1512 43.8 61.1 457.1
0:50.74 37.7 672536 316040 1512 53.3 54.3 450.5
0:51.60 37.4 680344 313840 1512 50.0 52.4 420.9
0:52.45 37.5 688152 314248 1512 50.0 53.9 420.9
0:53.28 37.5 695576 314188 1512 50.0 55.1 406.4
0:54.09 37.7 702360 315968 1512 53.3 51.9 387.7
0:54.93 37.9 708632 317728 1512 46.7 67.1 371.1
0:55.86 37.2 716184 311728 1512 43.8 56.3 361.0
0:56.74 37.5 723992 314380 1512 50.0 53.5 342.8
0:57.56 37.7 731288 315908 1512 46.7 67.9 324.6
0:58.39 37.6 738456 315508 1512 56.2 60.2 315.7
0:59.21 37.0 746008 310068 1512 33.3 63.3 299.2
1:00.07 37.4 753176 313756 1512 41.2 57.4 292.5
1:00.94 37.7 760728 316384 1512 46.7 52.3 265.5
1:01.87 37.7 768920 315768 1512 52.9 53.8 265.5
1:02.69 37.6 776344 315460 1512 37.5 60.8 246.2
1:03.52 37.4 783640 313528 1504 50.0 59.7 232.6
1:04.38 37.5 791320 314800 1504 50.0 55.2 220.0
1:05.28 37.8 799128 316760 1496 46.7 52.1 208.5
1:06.16 37.7 806936 316000 1496 43.8 56.3 191.9
1:07.00 37.5 814360 314652 1488 50.0 60.6 174.8
1:07.84 37.8 821656 316904 1488 50.0 53.2 164.8
1:08.68 37.9 829080 317600 1488 46.7 61.6 126.5
1:09.57 37.2 836632 312172 1488 46.7 55.6 126.5
1:10.42 37.7 843928 316400 1488 53.3 54.4 120.5
1:11.25 38.0 851352 318660 1488 50.0 70.3 93.6
1:12.08 37.8 858648 317220 1488 50.0 53.1 82.2
1:12.90 38.0 865816 318624 1488 46.7 70.0 65.2
1:13.73 37.8 872984 317060 1488 43.8 52.5 53.5
1:14.60 38.0 880280 318300 1488 60.0 61.8 42.0
1:15.44 37.6 887448 314904 1488 53.3 56.8 32.5
1:16.36 37.8 895768 317344 1488 44.4 58.6 7.9
1:17.20 37.8 902680 317268 1488 53.3 51.9 0.0
1:18.02 38.0 908312 318784 1488 52.9 57.8 359.7
1:21.72 41.3 936216 346512 1672 99.9 317.5 360.2
1:23.27 43.0 950168 360464 1672 93.3 303.9 360.2
1:24.84 44.7 964120 374416 1672 93.8 290.3 360.2
1:26.39 46.3 978072 388368 1672 99.9 276.6 360.2
1:27.96 48.0 992280 402576 1672 99.9 262.5 360.2
1:29.51 49.7 1006232 416528 1672 93.3 248.8 360.2
1:31.07 51.4 1020696 430992 1672 93.8 235.0 360.2
1:32.61 53.1 1034520 444816 1672 99.9 221.1 360.2
1:34.19 54.5 1046808 457104 1672 99.9 209.4 360.2
1:35.75 56.2 1060760 471056 1672 93.8 195.1 360.2
1:37.29 57.8 1074584 484880 1672 99.9 181.5 360.2
1:38.84 59.5 1088792 499088 1672 99.9 167.7 360.2
1:40.40 61.2 1102872 513168 1672 99.9 153.8 360.2
1:41.97 62.9 1117080 527376 1672 99.9 139.9 360.2
1:43.53 64.6 1131416 541712 1672 99.9 125.9 360.2
1:45.11 66.3 1145624 555920 1672 99.9 111.8 360.2
1:46.67 68.0 1159576 569872 1672 99.9 98.4 360.2
1:48.24 69.6 1173656 583952 1672 99.9 84.4 360.2
1:49.81 71.3 1187864 598160 1672 99.9 70.5 360.2
1:51.37 73.0 1201816 611984 1672 99.9 57.0 360.2
1:53.12 74.4 1217432 624212 1672 99.9 69.0 348.5
1:54.90 74.5 1233048 624712 1672 93.8 61.6 335.4
1:56.47 74.0 1246744 620096 1640 80.0 60.4 324.1
1:58.01 74.0 1258904 620344 1640 73.3 59.3 312.4
1:59.67 74.3 1273368 622696 1640 93.8 59.4 300.6
2:01.25 74.5 1287448 624904 1640 99.9 57.1 288.9
2:02.77 75.4 1301144 632128 1640 86.7 51.9 272.4
2:04.33 74.7 1314840 626724 1640 93.8 56.2 263.9
2:05.98 74.6 1329048 625796 1640 99.9 55.9 249.0
2:07.54 74.6 1342744 625720 1640 99.9 57.5 235.3
2:09.10 74.5 1356824 624260 1640 93.3 57.9 220.0
2:10.67 75.1 1370776 630048 1640 93.8 53.0 203.0
2:12.22 74.9 1384344 627760 1640 93.8 54.1 196.4
2:13.81 75.3 1398808 630980 1640 99.9 61.1 175.6
2:15.45 74.3 1413144 623208 1628 99.9 57.2 163.7
2:17.04 74.9 1427096 628048 1628 99.9 52.9 144.6
2:18.62 74.2 1441176 622164 1628 99.9 59.4 135.1
2:20.17 74.7 1455000 626344 1628 99.9 54.4 125.6
2:21.83 75.2 1469848 630584 1628 99.9 69.0 97.1
2:23.41 74.6 1483544 625804 1628 99.9 52.3 78.3
2:25.05 74.1 1498136 621200 1628 99.9 55.9 78.3
2:26.61 74.1 1512088 621020 1628 93.8 58.5 64.5
2:28.20 74.2 1526168 621996 1628 99.9 56.6 51.6
2:29.75 74.1 1540120 621108 1628 99.9 57.1 37.1
2:31.32 73.5 1553816 616616 1628 99.9 59.3 19.2
2:33.10 73.5 1569560 616456 1628 99.9 57.2 3.6
2:35.75 75.7 1592600 634652 636 81.7 663.0 719.9
661.8 719.9
656.4 720.2
656.2 720.2
656.2 720.2
