TIME MEM VIRT RES SHR CPU FREE SWAP
0:00.09 0.5 223512 4192 2976 50.0 75.6 724.2
0:00.91 1.6 233112 13792 2976 46.7 56.6 724.2
0:01.84 3.0 244376 25056 2976 56.2 54.0 721.6
0:02.70 4.2 254744 35424 2976 46.7 64.5 718.1
0:03.56 5.4 264856 45536 2976 44.4 61.1 712.6
0:04.44 6.7 275352 56032 2976 47.1 54.0 708.6
0:05.34 7.7 283800 64480 2976 46.7 63.5 696.1
0:06.24 8.5 290456 71136 2976 46.7 53.3 696.1
0:07.07 9.3 296984 77604 2916 50.0 52.0 676.6
0:07.94 10.2 304792 85276 2780 35.3 58.5 665.6
0:08.84 11.1 312728 93212 2780 50.0 52.1 639.9
0:09.71 12.1 320664 101148 2780 47.1 54.1 639.9
0:10.62 13.1 328984 109452 2764 47.1 63.7 614.1
0:11.50 14.0 336664 117124 2756 43.8 63.8 597.9
0:12.32 14.9 344088 124548 2756 37.5 66.8 577.9
0:13.18 15.8 351896 132356 2756 46.7 51.9 567.9
0:14.05 16.7 359704 140164 2756 53.3 63.6 555.4
0:14.88 17.6 367384 147820 2732 40.0 67.7 537.4
0:15.72 18.6 375192 155628 2732 46.7 52.6 521.9
0:16.67 19.6 383896 164260 2660 43.8 59.3 508.1
0:17.53 20.5 391704 171940 2660 50.0 58.1 492.8
0:18.38 21.5 399640 179992 2648 53.3 58.9 480.6
0:19.31 22.4 408088 188148 2484 52.6 64.5 454.6
0:20.18 23.4 415896 196056 2456 43.8 63.2 419.6
0:21.01 24.3 423448 203588 2436 37.5 68.1 394.2
0:21.92 25.3 431768 211908 2436 46.7 53.1 380.8
0:22.76 26.2 439192 219332 2436 50.0 55.8 366.4
0:23.57 27.1 446872 227012 2436 46.7 54.2 350.9
0:24.41 28.0 454552 234692 2436 50.0 62.9 315.6
0:25.31 28.9 462488 242620 2428 50.0 58.8 294.7
0:26.16 29.8 470168 250264 2392 50.0 62.5 271.0
0:26.97 30.7 477592 257688 2392 31.2 63.5 247.6
0:27.82 31.7 485400 265496 2392 50.0 62.4 225.2
0:28.67 31.9 493080 267520 2392 50.0 60.3 206.6
0:29.55 31.8 501144 266756 2392 43.8 62.5 189.2
0:30.44 32.7 508824 273768 2392 53.3 51.3 171.4
0:31.26 32.2 514328 270112 2392 53.3 58.8 169.6
0:32.12 32.3 521880 270732 2384 50.0 61.5 156.1
0:32.93 32.9 527384 276236 2384 46.7 63.7 151.9
0:33.76 33.5 534424 281020 2384 46.7 55.0 146.1
0:34.72 33.9 541976 284084 2244 50.0 73.1 128.9
0:35.53 33.6 546584 281392 2244 50.0 64.3 128.9
0:36.35 34.1 551320 286128 2244 40.0 54.8 128.9
0:37.19 34.3 557080 287768 2244 50.0 58.5 120.5
0:38.09 34.4 561944 288460 2184 50.0 53.7 112.6
0:39.00 34.9 568728 292972 2184 46.7 64.7 98.4
0:39.83 35.1 575256 294504 2184 53.3 51.9 88.6
0:40.68 35.3 581912 296212 2184 43.8 52.4 81.5
0:41.53 35.6 587928 298488 2184 56.2 54.0 81.5
0:42.37 35.8 593560 300428 2168 35.3 56.2 74.1
0:43.25 35.6 597144 298364 2164 46.7 63.9 63.1
0:44.05 36.0 600472 301692 2164 46.7 57.9 63.1
0:44.87 35.8 604952 300004 2164 31.2 66.7 50.9
0:45.71 36.5 610968 306020 2164 43.8 55.2 50.9
0:46.54 36.5 617112 306132 2164 53.3 60.0 39.2
0:47.41 36.6 623640 306892 2164 43.8 62.5 27.8
0:48.23 37.0 630168 310384 2164 37.5 62.2 21.9
0:49.07 37.3 636568 312988 2164 40.0 64.1 11.8
0:49.91 37.9 643096 317792 2164 43.8 63.0 1.9
0:50.76 38.1 649880 319436 2164 53.3 62.4 0.0
0:53.29 37.2 666904 312044 936 35.7 73.3 447.4
0:54.28 37.1 673176 311040 936 50.0 59.5 447.4
0:55.11 37.1 678424 311080 936 47.4 62.2 437.5
0:55.92 37.8 683800 316584 936 46.7 78.4 419.1
0:56.77 37.3 689432 312940 936 46.7 62.9 419.1
0:57.59 37.8 693144 316652 936 43.8 55.9 419.1
0:58.43 37.3 696344 312756 936 37.5 66.8 405.2
0:59.28 37.8 700568 316980 936 56.2 58.0 405.2
1:00.17 37.5 706200 314192 936 53.3 61.9 388.8
1:01.02 37.4 712728 313952 936 56.2 61.7 375.7
1:01.88 37.5 719384 314072 936 47.1 61.6 363.2
1:02.73 37.5 726168 314252 936 46.7 62.1 350.2
1:03.56 38.2 731800 319884 936 46.7 66.1 336.6
1:04.41 38.1 738328 319412 936 46.7 53.5 328.7
1:05.27 37.4 745112 313516 936 50.0 63.4 311.8
1:06.10 38.1 750744 319148 936 43.8 52.5 310.9
1:06.93 37.7 756888 315964 936 47.1 59.8 293.8
1:07.77 38.2 763160 320020 936 43.8 55.5 279.7
1:08.60 37.7 769432 316040 936 37.5 60.5 269.5
1:09.48 37.6 776088 315444 936 43.8 62.5 255.0
1:10.32 37.7 782232 316224 936 40.0 59.8 244.4
1:11.20 37.4 788760 313500 936 50.0 64.8 226.2
1:12.02 38.1 794904 319644 936 43.8 52.7 208.5
1:12.89 37.8 801176 316800 936 50.0 58.1 208.5
1:13.73 37.8 807448 317248 936 43.8 57.0 197.2
1:14.57 37.6 813336 315544 936 46.7 62.1 182.3
1:15.41 38.4 819352 321560 936 46.7 63.4 169.3
1:16.26 38.4 826008 321592 936 43.8 59.3 160.5
1:17.22 38.0 833688 319000 936 44.4 54.0 149.2
1:18.04 38.2 840088 319960 936 46.7 58.6 124.2
1:18.89 38.1 847000 319164 936 46.7 53.8 124.2
1:19.73 37.8 853656 317184 936 50.0 56.5 107.3
1:20.55 38.3 860440 320904 936 43.8 51.9 83.5
1:21.41 38.0 867352 318664 936 50.0 53.5 83.5
1:22.22 38.2 873752 319880 936 46.7 66.9 54.1
1:23.09 37.8 880408 316716 936 46.7 57.9 54.1
1:23.91 37.5 887192 314584 936 52.9 63.7 36.7
1:24.74 38.3 893976 321368 936 53.3 66.9 23.0
1:25.60 38.3 900504 320772 936 43.8 52.7 2.5
1:26.44 37.6 907032 315404 936 53.3 60.0 0.2
