TIME MEM VIRT RES SHR CPU FREE SWAP
0:00.09 1.1 228692 9152 2904 43.8 531.8 707.1
0:00.89 7.0 278060 58516 2904 43.8 433.8 707.1
0:01.73 13.2 330596 111052 2904 46.7 333.3 707.1
0:02.56 19.5 382868 163324 2904 46.7 227.5 707.1
0:03.40 25.8 436196 216652 2904 43.8 122.9 707.1
0:04.33 32.8 494276 274732 2904 52.9 76.0 709.9
0:05.84 37.9 588260 318088 552 44.8 58.0 370.4
0:09.17 37.9 792596 317484 592 48.0 45.7 63.0
0:12.14 46.2 970136 387604 1796 99.9 265.2 360.6
0:13.80 58.7 1074812 492412 1796 99.9 168.4 360.9
0:15.34 70.0 1169720 587188 1796 99.9 76.1 360.9
0:17.84 75.5 1327460 632792 560 88.5 56.3 184.1
0:20.91 75.1 1518596 629320 556 82.6 66.6 0.0
662.5 714.2
661.4 714.2
661.4 714.2
661.4 714.2
654.4 715.1
654.2 715.2
654.2 715.2
654.1 715.2
654.0 715.2
654.0 715.2
654.0 715.2
654.0 715.2
653.9 715.2
653.9 715.2
