TIME MEM VIRT RES SHR CPU FREE SWAP
0:00.17 0.6 224536 5092 2852 93.3 650.4 724.9
0:01.73 2.8 242712 23268 2852 99.9 632.7 724.9
0:03.29 5.0 261272 41828 2852 99.9 614.5 724.9
0:04.85 7.1 279320 59876 2852 99.9 596.8 724.9
0:06.41 9.3 297624 78052 2852 99.9 579.0 724.9
0:07.96 11.5 315800 96356 2852 93.8 561.3 724.9
0:09.53 13.6 333848 114404 2852 99.9 543.6 724.9
0:11.10 15.8 352152 132708 2852 99.9 525.4 724.9
0:12.66 18.0 370456 151012 2852 93.8 507.9 724.9
0:14.20 20.1 388248 168804 2852 99.9 490.4 724.9
0:15.76 22.2 405912 186468 2852 93.3 473.0 724.9
0:17.32 24.4 424088 204644 2852 93.3 455.1 724.9
0:18.87 26.6 442136 222692 2852 99.9 437.4 724.9
0:20.43 28.7 460184 240740 2852 93.8 420.1 724.9
0:21.98 30.8 478104 258660 2852 87.5 402.6 724.9
0:23.54 33.0 495896 276452 2852 99.9 384.7 724.9
0:25.09 35.1 513560 294116 2852 87.5 367.4 724.9
0:26.67 37.2 531608 312164 2852 99.9 349.1 725.1
0:28.22 39.3 548760 329316 2852 99.9 333.0 725.1
0:29.75 41.2 565144 345700 2852 93.3 316.4 725.1
0:31.29 43.3 582168 362724 2852 93.3 299.3 725.1
0:32.85 45.3 599576 380132 2852 99.9 282.5 725.1
0:34.40 47.3 616344 396900 2852 93.8 266.3 725.1
0:35.93 49.2 631960 412516 2852 99.9 251.4 725.1
0:37.48 51.0 646808 427364 2852 99.9 236.4 725.1
0:39.02 52.7 661400 441956 2852 93.3 223.0 725.1
0:40.56 54.0 672536 453092 2852 93.8 211.5 725.1
0:42.12 55.8 687512 468068 2852 99.9 197.2 725.1
0:43.69 57.4 700440 480996 2852 99.9 183.9 725.1
0:45.24 59.3 716952 497508 2852 93.3 167.6 725.1
0:46.80 61.2 732312 512868 2852 87.5 153.0 725.1
0:48.37 63.2 748952 529508 2852 99.9 136.5 725.1
0:49.92 65.0 764056 544612 2852 87.5 122.0 725.1
0:51.47 66.8 779544 560100 2852 93.8 106.5 725.1
0:53.03 68.8 795928 576484 2852 93.3 90.6 725.1
0:54.59 70.7 812312 592868 2852 99.9 74.8 725.1
0:56.15 72.6 828568 609124 2852 93.3 58.6 725.1
0:57.94 74.7 845720 626276 2852 99.9 61.5 724.6
0:59.86 76.7 862744 642764 2636 95.5 58.8 685.4
1:05.03 75.8 913304 635832 844 95.7 61.5 657.6
1:06.96 75.5 931096 633232 844 94.1 58.1 646.7
1:08.67 76.4 948376 640416 844 99.9 59.3 625.4
1:10.33 75.5 966040 632640 844 99.9 60.0 611.9
1:11.95 75.4 980248 632488 844 99.9 61.0 597.9
1:13.52 75.5 994200 633288 844 93.3 61.1 582.9
1:15.09 75.1 1010840 629980 844 99.9 60.0 565.4
1:16.62 75.3 1026584 631028 844 87.5 61.8 551.1
1:18.36 75.8 1043096 635400 844 94.1 57.5 539.4
1:19.88 75.7 1055256 634768 844 93.3 58.0 526.7
1:21.43 75.6 1070360 634152 844 93.8 61.4 505.9
1:22.99 75.6 1085720 634084 844 93.3 60.5 491.4
1:24.61 74.9 1103640 628216 844 99.9 59.5 473.1
1:26.17 76.0 1118616 637488 844 93.8 56.1 467.5
1:27.90 75.8 1137048 635428 844 99.9 71.4 437.3
1:29.44 76.3 1153436 640060 844 93.8 63.9 421.6
1:31.04 75.2 1170072 630300 844 80.0 57.1 410.2
1:32.58 75.2 1184024 630264 844 93.8 57.8 396.3
1:34.17 75.4 1200536 632112 844 93.3 58.2 382.2
1:35.78 75.6 1216920 634076 844 99.9 56.5 368.1
1:37.41 76.2 1233304 639268 844 99.9 69.0 339.1
1:38.92 75.6 1246104 633808 844 99.9 56.1 339.1
1:40.54 75.6 1261848 633780 844 99.9 56.9 324.0
1:42.16 75.8 1278232 635916 844 99.9 53.7 310.1
1:43.75 76.1 1294488 638176 844 99.9 61.8 288.0
1:45.32 75.3 1308184 631228 844 93.3 61.1 266.6
1:46.86 74.9 1322776 628348 844 87.5 62.0 259.2
1:48.39 74.5 1337368 625048 844 81.2 61.7 241.7
1:50.19 75.3 1355032 631620 844 99.9 59.3 231.0
1:51.79 75.8 1370136 635732 844 99.9 51.9 200.7
1:53.48 75.3 1386008 631732 844 99.9 56.5 200.7
1:55.01 75.4 1400856 632448 844 99.9 55.7 187.0
1:56.57 75.6 1415320 634036 844 93.8 57.1 174.4
1:58.11 75.4 1425816 632140 844 93.8 58.1 162.2
1:59.68 75.7 1437720 634660 844 93.3 56.5 153.0
2:01.30 75.9 1452696 636676 844 99.9 53.5 131.0
2:02.91 76.5 1469464 641268 844 99.9 51.6 124.2
2:04.44 75.5 1484312 633236 844 93.8 56.8 105.9
2:06.02 75.4 1499416 632184 844 93.3 56.8 90.3
2:07.61 75.5 1514264 632784 844 99.9 57.3 76.4
2:09.21 75.8 1529496 635552 844 99.9 54.6 64.2
2:10.79 75.4 1547032 632588 844 93.3 59.3 44.1
2:12.35 75.7 1563800 634528 844 93.8 58.1 29.6
2:13.99 76.2 1581848 639084 844 94.1 62.1 2.2
2:16.28 77.2 1607064 647116 776 94.1 666.2 722.9
659.4 722.9
659.4 722.9
659.4 722.9
659.4 722.9
659.4 722.9
659.4 722.9
659.4 722.9
659.3 722.9
659.3 722.9
659.1 722.9
659.1 722.9
659.1 722.9
659.1 722.9
659.1 722.9
659.1 722.9
659.1 722.9
659.1 722.9
659.0 722.9
659.0 722.9
659.0 722.9
659.0 722.9
659.0 722.9
659.0 722.9
658.9 722.9
658.9 722.9
658.9 722.9
658.9 722.9
658.9 722.9
658.9 722.9
657.9 722.9
657.9 722.9
658.0 722.9
657.9 722.9
657.9 722.9
657.9 722.9
657.9 722.9
657.9 722.9
657.9 722.9
658.0 722.9
658.0 722.9
657.9 722.9
657.9 722.9
657.9 722.9
657.9 722.9
657.9 722.9
657.9 722.9
657.9 722.9
657.8 722.9
657.8 722.9
657.8 722.9
657.8 722.9
657.8 722.9
657.8 722.9
657.8 722.9
657.8 722.9
657.8 722.9
657.8 722.9
657.8 722.9
657.8 722.9
657.8 722.9
657.8 722.9
657.8 722.9
657.8 722.9
657.8 722.9
657.8 722.9
657.8 722.9
657.7 722.9
656.4 723.0
645.6 723.7
645.6 723.7
645.6 723.7
645.6 723.7
645.6 723.7
